#72469 DNR Denver Observations at 12Z 09 Feb 2019
#   hPa  ,    m   ,    C   ,    C   ,    %   ,  g/kg   ,  deg   , knot  ,    K   ,    K   ,    K 
   PRES  ,  HGHT  ,  TEMP  ,  DWPT  ,  RELH  ,  MIXR   , DRCT   , SKNT  ,  THTA  ,  THTE  ,  THTV
 1000.0  ,   217  ,        ,        ,        ,         ,        ,       ,        ,        ,      
  925.0  ,   832  ,        ,        ,        ,         ,        ,       ,        ,        ,      
  850.0  ,  1486  ,        ,        ,        ,         ,        ,       ,        ,        ,      
  836.0  ,  1611  , -13.3  , -14.9  ,    88  ,  1.45   ,  100   ,    4  , 273.5  , 277.7  , 273.7
  835.0  ,  1620  ,  -9.1  , -10.7  ,    88  ,  2.04   ,  106   ,    5  , 278.0  , 283.9  , 278.4
  834.0  ,  1630  ,  -8.1  , -10.0  ,    86  ,  2.15   ,  112   ,    5  , 279.2  , 285.4  , 279.5
  832.0  ,  1648  ,  -1.5  ,  -8.5  ,    59  ,  2.43   ,  124   ,    7  , 286.3  , 293.6  , 286.7
  831.0  ,  1658  ,   0.0  , -10.0  ,    47  ,  2.16   ,  130   ,    8  , 288.0  , 294.5  , 288.4
  826.0  ,  1706  ,   0.8  , -16.2  ,    27  ,  1.31   ,  160   ,   11  , 289.3  , 293.4  , 289.6
  813.5  ,  1829  ,   2.3  , -18.4  ,    20  ,  1.11   ,  235   ,   20  , 292.1  , 295.7  , 292.3
  809.0  ,  1874  ,   2.8  , -19.2  ,    18  ,  1.04   ,  236   ,   20  , 293.2  , 296.5  , 293.4
  783.3  ,  2134  ,   1.5  , -20.9  ,    17  ,  0.93   ,  245   ,   20  , 294.5  , 297.5  , 294.7
  754.2  ,  2438  ,  -0.0  , -22.9  ,    16  ,  0.81   ,  255   ,   28  , 296.1  , 298.7  , 296.2
  749.0  ,  2494  ,  -0.3  , -23.3  ,    16  ,  0.79   ,  254   ,   28  , 296.3  , 298.9  , 296.5
  725.9  ,  2743  ,  -2.3  , -24.4  ,    17  ,  0.73   ,  250   ,   29  , 296.8  , 299.2  , 296.9
  700.0  ,  3031  ,  -4.7  , -25.7  ,    18  ,  0.68   ,  250   ,   30  , 297.2  , 299.5  , 297.4
  661.0  ,  3478  ,  -8.7  , -26.7  ,    22  ,  0.66   ,  246   ,   36  , 297.7  , 299.9  , 297.8
  645.7  ,  3658  ,  -9.2  , -29.6  ,    17  ,  0.51   ,  245   ,   39  , 299.1  , 300.9  , 299.2
  630.0  ,  3848  ,  -9.7  , -32.7  ,    13  ,  0.39   ,  245   ,   44  , 300.6  , 302.0  , 300.7
  620.6  ,  3962  , -10.7  , -32.9  ,    14  ,  0.39   ,  245   ,   47  , 300.8  , 302.2  , 300.9
  596.1  ,  4267  , -13.3  , -33.5  ,    17  ,  0.38   ,  245   ,   50  , 301.2  , 302.6  , 301.3
  550.0  ,  4877  , -18.6  , -34.7  ,    23  ,  0.37   ,  250   ,   51  , 302.0  , 303.3  , 302.1
  549.0  ,  4890  , -18.7  , -34.7  ,    23  ,  0.37   ,  250   ,   51  , 302.0  , 303.3  , 302.1
  500.0  ,  5580  , -22.9  , -43.9  ,    13  ,  0.16   ,  245   ,   62  , 305.1  , 305.6  , 305.1
  472.0  ,  6001  , -25.1  , -52.1  ,     6  ,  0.07   ,  245   ,   65  , 307.4  , 307.7  , 307.4
  465.8  ,  6096  , -25.9  , -52.4  ,     6  ,  0.06   ,  245   ,   66  , 307.5  , 307.8  , 307.5
  400.0  ,  7180  , -35.5  , -55.5  ,    11  ,  0.05   ,  245   ,   69  , 308.8  , 309.0  , 308.8
  374.9  ,  7620  , -39.3  , -58.0  ,    12  ,  0.04   ,  245   ,   72  , 309.5  , 309.7  , 309.5
  329.0  ,  8506  , -46.9  , -62.9  ,    14  ,  0.02   ,  245   ,   74  , 310.8  , 310.9  , 310.8
  304.0  ,  9024  , -50.9  , -60.9  ,    29  ,  0.03   ,  245   ,   75  , 312.3  , 312.5  , 312.3
  300.0  ,  9110  , -51.3  , -61.3  ,    29  ,  0.03   ,  245   ,   75  , 312.9  , 313.1  , 312.9
  298.4  ,  9144  , -51.5  , -61.6  ,    29  ,  0.03   ,  245   ,   76  , 313.1  , 313.3  , 313.1
  258.8  , 10058  , -56.6  , -69.9  ,    17  ,  0.01   ,  250   ,   83  , 318.6  , 318.6  , 318.6
  250.0  , 10280  , -57.9  , -71.9  ,    15  ,  0.01   ,  250   ,   81  , 319.9  , 319.9  , 319.9
  243.0  , 10458  , -58.9  , -72.9  ,    15  ,  0.01   ,  250   ,   81  , 321.0  , 321.0  , 321.0
  234.9  , 10668  , -59.4  , -73.4  ,    15  ,  0.01   ,  250   ,   81  , 323.4  , 323.4  , 323.4
  204.0  , 11547  , -61.3  , -75.3  ,    14  ,  0.01   ,  245   ,   74  , 333.6  , 333.7  , 333.6
  200.0  , 11670  , -61.3  , -75.3  ,    14  ,  0.01   ,  250   ,   74  , 335.5  , 335.6  , 335.5
  183.9  , 12192  , -60.9  , -77.6  ,     9  ,  0.01   ,  240   ,   70  , 344.4  , 344.4  , 344.4
  172.0  , 12611  , -60.5  , -79.5  ,     7  ,  0.00   ,  243   ,   74  , 351.6  , 351.6  , 351.6
  156.0  , 13217  , -63.5  , -83.5  ,     5  ,  0.00   ,  248   ,   80  , 356.5  , 356.5  , 356.5
  150.0  , 13460  , -61.9  , -82.9  ,     5  ,  0.00   ,  250   ,   82  , 363.2  , 363.3  , 363.2
  124.1  , 14630  , -61.6  , -85.8  ,     3  ,  0.00   ,  255   ,   93  , 384.1  , 384.1  , 384.1
  122.0  , 14736  , -61.5  , -86.1  ,     2  ,  0.00   ,  255   ,   93  , 386.0  , 386.0  , 386.0
  119.0  , 14890  , -61.5  , -86.5  ,     2  ,  0.00   ,  257   ,   91  , 388.8  , 388.8  , 388.8
  112.5  , 15240  , -58.6  , -85.9  ,     2  ,  0.00   ,  260   ,   88  , 400.5  , 400.5  , 400.5
  108.0  , 15496  , -56.5  , -85.5  ,     1  ,  0.00   ,  260   ,   85  , 409.2  , 409.2  , 409.2
  101.0  , 15918  , -58.9  , -86.9  ,     2  ,  0.00   ,  260   ,   81  , 412.5  , 412.5  , 412.5
  100.0  , 15980  , -58.3  , -86.3  ,     2  ,  0.00   ,  260   ,   80  , 414.8  , 414.8  , 414.8
   97.3  , 16154  , -57.9  , -86.3  ,     2  ,  0.00   ,  260   ,   88  , 418.9  , 418.9  , 418.9
   89.1  , 16711  , -56.5  , -86.5  ,     1  ,  0.00   ,  263   ,   81  , 432.3  , 432.3  , 432.3
   84.2  , 17069  , -58.1  , -86.7  ,     1  ,  0.00   ,  265   ,   76  , 436.2  , 436.2  , 436.2
   78.8  , 17485  , -59.9  , -86.9  ,     2  ,  0.00   ,  265   ,   59  , 440.7  , 440.7  , 440.7
   74.0  , 17884  , -54.1  , -86.1  ,     1  ,  0.00   ,  265   ,   42  , 460.9  , 460.9  , 460.9
   70.0  , 18240  , -55.5  , -86.5  ,     1  ,  0.00   ,  265   ,   28  , 465.3  , 465.3  , 465.3
   69.5  , 18288  , -55.9  , -86.5  ,     1  ,  0.00   ,  265   ,   21  , 465.6  , 465.6  , 465.6
   63.0  , 18898  , -60.5  , -86.9  ,     2  ,  0.00   ,  295   ,   18  , 468.7  , 468.7  , 468.7
   59.9  , 19202  , -62.8  , -87.0  ,     2  ,  0.00   ,  290   ,   22  , 470.1  , 470.1  , 470.1
   57.1  , 19507  , -65.1  , -87.2  ,     3  ,  0.00   ,  250   ,   30  , 471.6  , 471.6  , 471.6
   55.6  , 19668  , -66.3  , -87.3  ,     4  ,  0.00   ,  250   ,   35  , 472.3  , 472.3  , 472.3
   54.0  , 19846  , -62.5  , -87.5  ,     2  ,  0.00   ,  251   ,   41  , 485.0  , 485.0  , 485.0
   52.1  , 20067  , -61.9  , -86.9  ,     2  ,  0.00   ,  253   ,   47  , 491.4  , 491.4  , 491.4
   50.0  , 20320  , -62.9  , -86.9  ,     3  ,  0.00   ,  255   ,   55  , 494.8  , 494.9  , 494.8
   49.2  , 20422  , -62.9  , -86.9  ,     3  ,  0.00   ,  255   ,   56  , 497.3  , 497.3  , 497.3
   46.8  , 20726  , -62.7  , -86.9  ,     3  ,  0.00   ,  265   ,   50  , 504.7  , 504.8  , 504.7
   42.4  , 21336  , -62.4  , -86.9  ,     2  ,  0.00   ,  245   ,   42  , 519.9  , 520.0  , 519.9
   35.6  , 22411  , -61.9  , -86.9  ,     2  ,  0.01   ,  253   ,   43  , 547.9  , 547.9  , 547.9
   30.0  , 23460  , -64.5  , -87.5  ,     3  ,  0.01   ,  260   ,   43  , 568.2  , 568.3  , 568.2
   29.2  , 23625  , -65.1  , -87.1  ,     3  ,  0.01   ,  263   ,   45  , 571.0  , 571.0  , 571.0
   28.2  , 23840  , -60.3  , -87.3  ,     2  ,  0.01   ,  266   ,   47  , 590.0  , 590.1  , 590.0
   27.1  , 24079  , -59.2  , -87.2  ,     2  ,  0.01   ,  270   ,   50  , 599.5  , 599.5  , 599.5
   25.2  , 24548  , -57.1  , -87.1  ,     1  ,  0.01   ,  262   ,   38  , 618.4  , 618.5  , 618.4
   21.7  , 25484  , -62.5  , -87.5  ,     2  ,  0.01   ,  245   ,   15  , 629.3  , 629.4  , 629.3
   20.0  , 25990  , -61.1  , -87.1  ,     2  ,  0.01   ,  270   ,   28  , 648.4  , 648.5  , 648.4
   18.5  , 26473  , -61.5  , -87.5  ,     2  ,  0.01   ,  267   ,   30  , 661.8  , 661.9  , 661.8
   17.1  , 26967  , -56.5  , -87.5  ,     1  ,  0.01   ,  263   ,   31  , 692.8  , 692.9  , 692.8
   15.9  , 27432  , -58.0  , -87.4  ,     1  ,  0.01   ,  260   ,   33  , 702.7  , 702.8  , 702.7
   14.9  , 27834  , -59.3  , -87.3  ,     2  ,  0.01   ,        ,       , 711.3  , 711.5  , 711.3
   13.5  , 28460  , -53.7  , -86.7  ,     1  ,  0.02   ,        ,       , 750.8  , 751.0  , 750.8
   11.2  , 29662  , -52.9  , -86.9  ,     1  ,  0.02   ,        ,       , 794.8  , 795.1  , 794.9
   10.8  , 29896  , -54.3  , -87.3  ,     1  ,  0.02   ,        ,       , 798.0  , 798.3  , 798.0
